29.9796
28.4135
54.2915
24.0219
21.9729
2.60863
19.309
-10.0079
52.6682
49.3011
29.039
38.7048
48.8267
22.7437
72.4628
100.76
38.9277
41.1519
41.2457
60.4571
75.6133
-51.1079
31.2577
39.9719
-32.4264
34.4722
34.2949
48.5297
50.0897
34.9532
-1.01731
49.0723
30.5914
-96.5961
25.7081
37.7614
22.6117
50.2965
16.728
32.9445
30.2808
43.4426
3.11005
38.1074
28.562
29.8251
28.6941
69.4588
23.8604
59.7939
5.95464
23.2046
537.917
28.0048
47.0599
1496.57
-429.225
33.5868
20.7581
152.731
-7.99478
23.3224
29.3697
62.4692
57.9085
34.4819
13.3341
55.2302
27.6544
780.581
43.2726
29.7148
23.4584
16.8934
42.1091
128.311
-12.5621
27.9353
26.5989
30.7794
34.9476
31.5784
37.8351
11.4971
-10.4023
28.8948
21.8995
26.6381
43.359
138.744
66.785
62.4215
34.2693
37.9879
25.7626
32.5556
60.8666
40.5975
-81.8413
34.6768
25.4853
9.83612
25.6743
41.8332
17.5311
-122.052
39.9275
10.2413
54.3611
56.9391
38.6974
1940.36
45.5543
-357.139
46.5715
39.701
83.0675
75.4221
65.0757
42.724
22.8396
40.3462
27.4623
-1.85601
15.6832
33.6438
30.551
36.6755
38.621
0.86158
68.8569
26.0197
1.39013
27.8288
43.9834
33.9069
36.0126
42.5296
49.0121
52.5015
68.6183
39.4912
47.257
40.8
-3.32916
40.8188
38.841
64.4781
40.2816
29.3419
30.8498
-2.47728
24.1414
53.1908
-5.06653
20.5696
99.6869
12.2105
31.9395
61.0222
240.214
-376.285
46.1446
34.7127
15.0009
65.1969
99.8697
98.0786
-101.761
19.2709
-12.9596
42.6814
46.7289
36.6891
44.2531
37.0606
28.5563
29.7033
55.087
22.9034
37.7431
51.432
30.2053
45.8413
28.0995
20.94
-57.4198
49.4106
8188.99
-7.96796
-1131.23
4.6642
20.0297
46.5169
41.6437
23.1334
4.72405
31.1459
1132.86
42.3999
16.7349
12.1439
25.9014
31.133
31.9693
148.039
30.0346
32.4678
20.219
89.4017
57.6998
30.8298
31.3947
26.544
19.9335
33.9147
44.926
55.0256
-41.6078
27.4545
30.4425
21.1732
-125.041
8.2279
23.195
39.4826
10.9147
11.6534
24.6163
-287.158
32.3181
49.6124
227.337
0.626364
39.723
46.5688
10.8189
-113.468
19.6354
6.69371
61.6572
23.5287
51.6966
33.2779
37.5261
51.0452
-8.1973
27.8421
51.7615
-0.975977
23.9648
56.036
26.4835
38.7158
34.4255
39.9671
46.9553
24.0986
-33.3214
38.1397
37.5811
38.4494
29.1204
30.9019
46.886
136.187
39.2935
-25.6749
16.7338
34.1555
38.7022
36.7474
41.7574
40.9452
44.5938
55.5639
63.684
33.5511
14.8046
59.2105
38.7499
-524.166
34.3574
103.415
47.4412
34.3029
37.249
27.2565
40.8744
29.2879
31.3425
43.5811
30.8474
1130.99
36.7325
40.5474
-304.609
58.1227
11.2812
6.44852
28.0647
30.8306
35.97
61.846
75.3861
57.5941
107.029
41.9236
37.8913
57.7954
27.294
39.6353
9.36439
54.8457
-1.27293
55.9207
37.0545
31.5733
-63.4448
29.5079
180.702
60.6218
45.3828
38.6546
30.5264
13.743
33.3227
15.6079
62.4292
31.0586
27.0756
24.0624
20.3559
21.9723
55.8618
55.0572
35.7084
40.8524
77.5273
42.4896
12.6778
10.4684
69.3852
30.3613
57.0349
2.64969
45.8992
34.2898
24.7077
66.4777
52.1027
31.717
35.8632
20.707
26.4854
19.4799
28.6469
32.1858
30.3233
39.0474
26.9659
6.76528
32.9782
152.147
26.9369
30.7915
56.8851
49.6319
-48.4895
344.083
34.7251
41.1404
96.7244
24.0625
23.3267
-27.318
76.7262
60.7656
50.731
27.8263
181.739
646.202
-1.24502
37.6314
29.3031
31.5964
51.815
54.5156
39.7772
35.097
39.0473
41.2693
25.5568
45.7535
50.7904
13.5922
-6.42373
61.6294
35.4878
27.8328
30.1341
31.1111
78.6443
25.1603
62.0208
6.00622
55.1304
-15.0318
33.5593
23.8409
23.1072
41.7203
45.9619
-18.1281
37.3284
98.0386
52.2361
21.4793
-112.773
34.7511
76.5501
19.5584
36.8769
29.6117
2.8662
10.8442
24.3131
4.67616
-15.0611
50.459
26.7714
46.9379
38.0508
53.5341
31.1937
18.3498
48.3109
38.2607
29.3634
-250.55
10.8833
36.1908
21.2019
38.2839
43.4197
126.308
-20.1824
57.6867
23.3854
28.9174
66.1133
26.9132
86.1012
30.1928
45.9438
-65.8498
43.7269
51.9124
59.1995
19.6269
47.0706
97.4968
58.1532
16.6491
126.552
22.9011
15.735
11.0307
37.3936
21.4765
33.9248
29.8597
290.682
25.6471
30.0267
38.9261
23.8717
-169.069
35.2495
30.057
30.1109
29.2067
38.7511
13.0741
24.7705
29.1755
20.0402
36.4736
29.7948
14.132
37.2752
38.3952
38.783
48.6708
13.2537
36.8293
25.4251
12.8385
29.0114
72.7173
43.4234
34.5785
-0.396873
29.1315
6.9539
64.8562
-14.1931
65.0131
38.3887
27.7419
33.4132
31.8139
-47.0236
18.1042
35.9801
95.8801
16.2666
92.3668
6.98997
41.0072
16.3179
57.858
39.1303
28.9681
118.857
33.2384
24.8968
24.8503
37.5459
-6.53887
45.6573
56.879
-62.343
196.298
23.9182
33.4578
17.2322
35.833
221.769
-17.2023
51.1593
-12.954
46.4134
-19.5891
60.7191
41.3447
8.33176
67.337
61.8368
22.8606
34.5046
10790.6
117.476
23.8618
-7.10633
59.0498
43.4033
23.8848
790.671
3.6873
10.6891
35.5048
35.3128
19.5288
-106.526
57.2091
12.4414
28.6361
71.5433
40.8705
55.5771
18.5015
36.3963
134.545
35.0127
34.4569
36.521
44.673
29.3581
2.57928
55.4626
19.1958
28.2327
30.5662
