30.8549
6.25378
37.2584
49.7108
18.3928
17.6032
27.682
41.2846
-191.664
44.1661
89.972
54.4628
-55.5191
113.99
62.8274
34.0227
19.3759
46.8035
33.5692
26.3927
59.9606
21.7211
13.802
13.2408
19.6935
23.2601
31.8962
28.8007
34.038
34.6491
-407.483
30.0942
38.8527
32.4182
39.4884
33.3356
33.6007
34.3694
31.8011
37.5971
31.4069
-1.13102
18.5438
33.9488
49.0407
8.93131
17.1189
29.1314
95.785
21.8401
40.3389
88.6232
52.4901
80.5673
39.6094
-26.4847
38.8591
25.5898
48.5487
34.4621
50.8453
52.7362
-77.62
50.537
17.4744
11.7933
10.8576
36.5933
36.1927
26.8078
29.7565
41.4655
115.919
2.27848
42.7968
-17.9062
41.9195
-211.171
63.7114
31.198
88.5917
48.3888
33.8507
-284.993
27.2354
-22.0937
31.3716
19.7241
31.5259
39.059
22.0022
22.8754
182.418
36.588
-13.2554
39.4674
51.4173
18.1285
14.1
46.7278
-15.6786
123.4
122.339
62.3956
48.9426
42.1638
185.427
33.0015
72.5979
49.5921
59.042
42.3734
66.1784
58.9418
13.0174
43.4666
7.23253
55.3889
44.6588
28.4469
27.5876
18.295
35.6118
25.0422
46.7926
31.7687
22.9468
99.4603
43.2494
35.4074
93.0072
20.6168
42.9546
54.8763
45.1425
47.7423
39.4595
44.2214
47.5035
49.3216
-168.248
38.1146
64.5945
29.9001
29.1363
25.2081
40.5418
45.5889
45.3022
34.8034
34.5166
28.4995
15.5633
-8.15136
37.1402
10.1692
48.6728
34.414
38.3445
52.2338
41.673
40.1364
34.3251
25.3582
22.595
177.93
41.896
54.2854
52.1661
110.925
44.5865
65.6043
38.9123
64.2181
-630.293
45.9651
-84.8228
25.7599
55.97
27.782
-9.44265
39.075
30.9724
182.156
20.5629
15.9444
58.6731
30.5443
33.9123
43.3733
37.6259
38.1568
71.4989
312.042
69.4663
55.298
10.7704
127.14
36.541
34.1883
49.2199
42.6542
26.1647
44.0892
33.8319
41.4713
27.2475
-70.5362
48.5259
26.2959
26.8281
48.0565
68.7909
20.6085
28.1571
52.0233
71.262
44.1703
37.0773
58.0518
35.5388
65.3396
-47.6671
47.1704
40.2965
15.3366
28.6473
-300.608
30.255
27.9865
44.8126
40.41
73.3702
69.4848
-23.2684
51.8478
33.8845
35.3379
35.5297
41.1341
51.3748
22.3045
19.1215
103.448
-31.5898
23.0893
28.8273
-607.477
25.5543
45.847
41.6284
34.278
607.298
58.1304
51.1924
114.864
26.798
66.6582
44.4675
47.2842
-7.40525
42.6285
23.1661
207.192
60.2458
27.8804
29.2668
21.4665
25.3889
27.0406
35.2964
33.3921
-1.66577
55.638
85.7752
-39.5684
38.1058
31.1829
46.2934
29.2071
58.9648
37.2396
43.8498
21.3807
131.432
29.4515
46.087
-4.56913
32.9104
39.7108
41.1547
50.7584
41.474
39.5251
59.6338
33.0264
96.2276
-20.8657
41.7667
53.2386
46.7818
292.641
31.3468
35.5651
24.0663
46.7955
24.4757
44.2685
43.4282
34.6638
25.0184
55.5194
28.4968
26.579
25.1869
54.9903
27.7856
1.16752
44.9285
29.7523
38.4608
171.158
16.6318
22.9945
28.885
48.762
30.1029
30.2148
68.8602
46.0483
85.7538
30.645
64.2855
16.4265
43.3529
29.9364
37.7282
37.9983
53.1222
-21.9898
68.8516
59.856
39.6051
52.4578
45.3423
43.63
7.10773
64.4975
53.8106
41.2994
-1070.43
41.6794
41.1423
89.1378
26.1219
46.6403
48.8752
-141.747
46.5344
40.9939
49.3005
144.195
63.4119
-165.67
38.7803
57.2303
0.751019
101.293
43.2722
46.9581
30.5794
27.2393
35.6532
40.4477
57.9151
34.5453
6.80021
15.5348
36.3843
48.8333
62.3846
26.7611
19.9697
35.3182
75.75
24.6325
37.5251
22.2693
20.9642
54.1888
33.0983
34.4123
33.5038
48.2789
101.171
40.6287
51.0756
43.8465
-57.1026
30.6419
41.0149
55.3123
90.2338
66.2252
57.8286
136.001
47.5652
123.187
59.5822
-314.337
91.0289
28.64
50.181
73.4969
8.22822
100.458
25.1605
44.9378
32.3448
44.2123
63.7078
-23.3401
22.5853
60.5286
28.1204
41.2688
114.274
36.2805
35.9332
47.2362
26.8476
41.4151
29.3187
40.2633
34.6009
31.4794
42.639
73.4484
61.0372
22.9324
35.9538
22.647
52.164
47.5001
38.544
84.8633
264.462
6.34402
19.154
365.773
37.1644
14.4424
28.042
25.8808
40.3553
65.9817
49.8674
-1651.15
28.7639
52.6684
41.6436
45.6933
50.2034
41.4799
-90.0815
17.7731
28.0427
13.165
15.5761
33.2067
32.1858
48.6372
30.7854
44.5573
29.0568
27.8505
-1207.15
33.098
37.9978
-328.969
328.392
23.0525
49.6054
26.787
-142.293
41.3054
-355.724
25.9716
160.156
-24.0116
17.8087
7.36892
28.7688
26.6503
12.58
19.2342
49.5768
25.9352
-17.6297
31.6516
29.6839
66.9681
68.6861
30.0233
17.9036
24.3435
73.9223
5.99032
65.4172
33.8113
31.5312
59.0366
41.347
56.2007
23.8419
34.7003
35.0893
41.2955
-5.80849
29.8872
50.5915
38.6895
-19.313
33.273
35.4823
33.9355
-13.0181
20.8703
81.9316
15.9511
10.7443
21.6345
24.7401
19.0792
27.0222
35.6201
33.0259
-27.7355
38.0389
37.8463
42.0218
47.5692
-13.047
16.0104
43.9825
21.745
35.4313
12.6859
24.4611
50.5852
14.8055
22.724
17.0635
