57.3873
83.2692
468.429
25.2911
25.5684
21.3785
35.9212
10.1634
23.685
-162.788
19.3332
4.6723
-149.102
23.2171
26.7587
35.7999
40.8738
26.2985
32.5361
56.7647
30.9321
11.2118
35.7641
30.0526
34.4165
58.8214
33.0557
31.841
48.7208
45.003
26.569
32.7777
1.2582
62.1197
26.8374
-25.564
43.8252
31.5294
29.9285
27.6988
43.3261
56.2089
61.0975
-60.0855
25.2361
37.7438
34.534
24.4823
44.7317
35.0022
35.3756
13.043
52.1907
25.8089
31.2716
41.0089
46.5598
45.9805
-30.7497
77.2381
49.0366
42.6291
85.9514
44.3764
30.0929
-15.0439
45.3501
14.9689
35.2418
39.6959
22.7555
38.2522
35.2847
34.3881
-47.4791
34.3568
1.4941
32.3403
36.8746
32.59
22.767
105.361
47.1757
18.2022
33.1897
59.0566
26.1201
43.3947
29.3075
1408.47
29.7388
71.1665
59.4092
34.975
7.69443
60.2191
7.138
44.2493
46.63
15.8259
-13.4422
35.5939
49.2861
30.3148
50.1771
35.5889
27.5072
31.472
36.4211
22.7799
13.5445
41.9103
35.2636
11.2564
747.888
-898.365
27.6923
33.1696
30.2728
48.2402
8.38932
1.39427
28.6785
31.2921
31.1882
38.0723
10.4525
40.8387
35.7221
152.139
32.2426
104.096
30.3468
45.5174
-14.3408
51.349
41.2341
36.0746
31.204
29.4229
52.0119
24.8766
37.4317
26.2761
32.3278
52.979
36.1584
4.31487
42.9703
31.9879
28.7407
54.4758
38.9667
28.7695
96.6981
40.1661
9.85621
53.6192
190.587
39.0747
25.5938
63.0756
35.4488
34.3745
29.2078
35.3547
28.4831
38.656
54.2331
-13.4674
38.8015
23.3385
28.9403
105.22
2.66423
21.8267
-63.4682
42.0893
83.0914
29.3424
42.562
72.8592
33.9878
2046.4
34.8223
51.9548
38.2638
9.85021
-68.952
38.6198
22.9462
39.9038
32.2461
640.612
18.0226
38.3431
329.009
31.7042
-17.4007
23.4272
54.2547
40.5759
24.6545
1.92941
-9.86481
13.8345
413.112
36.8558
46.1136
26.4403
37.623
15.4524
37.5762
79.0038
33.5511
26.2452
35.5394
48.2056
27.2798
38.2875
380.677
-6.47742
-116.934
16.4452
36.1468
32.8494
22.3335
48.9464
46.6786
34.7484
30.0024
71.8981
31.9233
25.8465
50.41
38.4703
42.77
48.3478
32.9267
28.3401
21.9508
51.5617
45.6281
25.1246
18.5759
27.7017
32.3671
14.2329
36.9834
41.2304
71.9995
77.1255
-2.44981
31.9842
-124.008
46.6381
24.3538
44.5838
30.5473
37.7035
38.5723
20.4882
50.2057
72.2968
38.1484
39.6062
49.3234
28.2539
100.656
28.5816
19.2096
44.245
49.3084
84.5278
21.3273
40.6343
37.3644
201.939
-18.1429
38.4909
-11.521
53.9748
44.3367
33.9727
33.0179
38.2358
108.388
-7.74134
11.5836
40.656
60.1291
50.5592
16.302
27.6336
330.766
35.9361
4.17777
24.6306
3.62495
25.0731
54.8245
58.8269
5.73848
23.6227
5.36962
29.3185
41.6975
-6.88365
33.1733
32.667
41.1365
33.2406
25.8836
33.1605
40.6339
29.2195
136.581
-9.83694
32.8894
38.3011
25.7185
58.6
40.7764
27.0553
35.6352
60.1202
40.3063
40.9811
52.7116
11.7508
64.4685
60.993
-20.3075
53.3833
55.9386
55.1189
62.4656
24.8333
83.5516
23.9692
43.6615
95.7319
44.2881
53.4594
31.2176
36.7896
38.5302
39.6762
-22.3045
34.7693
61.4191
60.4348
182.078
40.1006
51.4945
15.906
48.4373
28.0919
29.877
429.393
46.2379
48.7361
46.6278
156.211
44.9306
13.7573
41.4643
-107.654
6.69957
53.788
73.6193
23.3378
35.3769
53.1985
-92.3776
31.9159
28.7631
65.4138
76.1606
231.906
22.3182
39.819
33.3809
-26.8384
45.8961
15.362
15.5596
33.6018
37.9215
61.5011
40.3491
22.8898
41.1241
38.8616
32.5746
33.0453
39.1083
34.7675
33.9781
31.6824
48.0481
49.8449
52.0624
29.5228
44.1781
-7.67319
14.6602
42.223
44.701
37.1912
36.4945
39.3363
43.0314
68.7898
34.4649
-112.41
12.8848
34.7517
37.9415
37.0863
52.1915
-154.161
570.44
31.4882
50.4933
95.6339
27.9766
49.5966
34.6675
1.97256
48.7952
0.647463
31.4755
-28.6922
40.1736
60.5665
64.8848
30.8434
95.3555
25.7522
29.557
6.37924
25.6735
1.91159
38.3288
55.3677
27.2531
-2.94179
54.3369
35.2066
27.7765
40.3617
49.6516
41.6197
50.5852
47.2245
16.3957
-13.2895
59.5074
40.1589
26.6953
32.8387
20.4798
28.7544
36.0942
-13.7991
14.7515
34.7151
54.3829
40.3806
30.0122
39.2471
17.885
28.6636
18.5028
43.8384
17.9012
41.3611
17.9115
23.194
31.8075
14.9262
48.9658
27.8807
-52.6641
4.10937
54.8032
26.5386
28.7806
50.0367
34.0977
36.229
50.3064
12.1638
18.8795
36.8451
38.0979
44.5484
31.5429
20.4065
29.1512
43.9713
-21.758
36.528
183.947
34.3133
30.9182
36.2491
32.1391
6.23394
18.1342
18.3044
0.575093
26.4089
39.1391
1.51522
38.1335
31.8239
35.9844
24.1231
32.0648
-29.0009
-13.6201
962.541
29.5756
32.6478
13.0137
133.015
37.1668
37.1677
65.2033
43.0277
35.3326
181.406
282.33
-36.4477
-51.2325
21.6988
30.4892
-15.4608
21.4805
43.9072
43.1268
13.5834
-36.4178
71.6592
-3.31017
30.951
122.23
44.9258
32.5485
-46.1277
29.6256
