2726.57
128.097
29.6186
111.135
-222.636
104.208
187.532
-104.733
197.68
96.8834
84.9018
144.079
90.2514
708.683
105.145
120.579
146.161
92.809
202.905
99.8508
75.4849
108.192
90.0837
119.365
139.144
93.1304
94.7405
458.843
110.596
-32.8657
75.5887
108.448
343.097
-128.335
125.146
125.312
-892.578
-150.098
302.433
104.847
115.141
61.8841
151.863
94.1453
81.2827
62.9074
203.465
172.616
93.3801
77.1937
102.15
76.5625
77.5921
287.415
126.313
201.503
294.46
109.03
32.0721
120.262
14.7408
136.148
135.211
8.9821
211.667
154.294
98.9357
121.462
-108.354
54.2969
-130.909
108.861
121.696
114.677
109.848
3.71825
988.572
143.687
193.735
55.5292
5.7668
664.789
-1.96537
-132.733
170.764
268.841
514.433
182.165
-242.169
141.914
134.486
321.81
125.846
-93.3165
62.5448
258.866
215.053
146.754
120.817
184.331
137.532
55.8372
189.244
3.71153
323.041
199.55
228.537
196.013
163.694
38.1232
125.873
85.1603
175.483
109.509
150.16
111.255
130.041
103.227
108.899
137.775
68.2665
-587.422
123.846
80.2951
21.1591
107.366
125.808
49.8442
60.7454
110.289
58.0708
116.807
264.205
113.881
53.4173
187.957
90.2656
116.674
83.1973
116.668
130.822
54.6325
235.253
-1.25051
163.483
147.63
196.931
60.9416
68.0258
86.8993
109.759
345.774
82.1792
115.592
155.316
108.207
123.385
102.809
96.2295
146.027
-19.0445
93.7718
79.3957
97.4285
77.0729
175.948
112.377
69.0226
108.847
61.1515
101.584
533.203
138.511
102.969
159.54
119.176
43.0382
197.54
64.9386
49.2074
245.721
60.8508
114.146
89.2985
113.385
118.233
189.786
93.3621
112.021
88.7979
90.3683
103.668
150.086
127.169
121.822
111.076
297.747
-21.7823
165.735
183.918
133.624
106.687
7.72246
63.2559
141.319
52.0835
478.571
188.8
82.5909
86.7753
80.9066
134.952
116.363
131.923
104.611
-572.188
171.418
39.3115
123.872
130.079
278.927
87.3189
109.197
60.3529
135.543
96.9784
73.3752
48.7985
155.047
72.2404
103.717
123.653
105.031
108.178
90.2451
88.5188
123.723
80.142
86.1319
30.4647
124.43
-418.206
138.566
81.2542
104.44
194.446
-3371.61
98.0592
125.202
140.199
12.1737
99.2869
108.001
123.488
70.4214
115.082
107.979
119.217
85.5262
1556.57
64.95
158.267
105.019
111.006
171.385
90.5205
67.7082
87.7426
32.0401
-221.391
71.0222
72.1998
84.6955
168.416
91.7488
72.4526
100.515
347.723
173.007
90.506
136.111
93.2272
153.56
144.808
81.1493
90.1169
110.152
78.603
218.372
99.9814
113.784
148.072
170.98
51.5006
123.975
169.428
107.849
108.803
102.737
112.238
115.29
125.214
143.229
104.549
58.2382
97.4749
139.286
125.989
127.389
159.921
99.6999
156.306
103.055
104.541
83.8834
133.717
216.855
95.7054
120.119
105.15
113.739
127.171
152.467
102.115
88.132
90.9634
141.277
120.754
119.635
120.908
136.165
128.211
125.867
99.7838
91.9812
148.196
42.6639
121.539
90.9154
132.318
118.617
81.6927
-173.893
375.011
859.864
104.616
112.142
111.902
114.508
108.223
125.54
92.3462
53.7873
118.547
108.876
58.1777
76.3046
-10349
121.756
120.131
101.041
473.534
103.065
120.053
83.5524
64.8264
100.343
91.2977
112.465
128.665
78.5161
43.396
-1.40704
101.9
-215.211
116.431
111.221
44.9722
7.93393
101.66
99.765
-163.234
116.684
18.8551
100.103
73.6082
129.457
104.159
62.6527
117.424
22.1088
84.5046
113.546
111.873
-2758.32
91.6932
95.1049
198.023
73.4814
112.784
106.698
110.789
57.2318
103.48
153.902
-19653.9
125.024
121.007
87.7606
-205.973
109.824
126.745
114.706
84.1477
-152.534
110.186
99.0665
68.571
102.31
84.8669
414.509
106.818
206.097
75.2297
-165.107
286.987
147.641
-90.916
105.395
112.971
94.1852
98.8487
316.749
145.394
119.317
112.324
169.921
269.086
94.1345
114.777
89.4609
84.4664
155.967
265.475
-38.1368
95.2
143.326
135.632
-91.6147
123.855
88.2147
104.832
82.7616
188.695
199.696
62.9481
70.0953
72.6719
-11.2779
111.491
119.876
25.6871
120.704
102.471
117.478
58.1108
60.3986
198.274
-440.447
117.649
138.647
102.886
114.654
92.4943
163.801
113.542
127.188
92.1444
26.864
2021.68
77.6169
5254.49
69.0699
-722.267
-77.2906
118.523
86.6184
105.698
-0.600155
101.223
-24.0426
106.883
106.311
96.9077
144.66
74.0012
114.436
86.4299
83.311
47.7314
26.7032
102.109
116.277
197.726
119.195
18.1999
115.838
-1679.42
47.8875
78.2999
168.139
130.812
106.655
124.987
29.9381
-342.771
58.1405
-248.514
96.5336
136.136
107.673
143.308
24.2478
94.9929
182.693
83.8928
86.9117
222.861
98.3842
78.2295
135.067
127.166
137.109
103.613
86.3029
92.8725
148.134
126.944
97.2839
94.3122
-723.458
189.312
97.3029
78.4985
145.963
534.518
-28.354
104.183
84.7167
98.3252
12.3675
137.509
106.216
91.8496
-76.284
97.9784
53.0505
96.5624
-189.142
85.9081
83.0879
82.7094
98.8819
91.7562
109.679
103.384
111.884
54.3174
115.767
-2563.59
85.2367
96.4019
87.2975
112.073
99.5993
144.187
114.037
610.668
74.7978
126.171
-20.3043
86.8676
97.8673
127.019
24.5856
113.641
120.873
90.9979
134.785
110.836
116.278
39.5686
105.742
138.237
98.855
140.938
134.614
141.714
154.144
115.423
98.5799
136.725
145.123
134.266
116.035
86.5114
92.9334
144.002
142.669
112.257
125.659
97.5071
94.141
134.618
88.3983
114.843
103.026
-63.3655
-195.439
75.2373
246.799
-1.44231
96.9374
103.16
113.396
107.01
30.3579
93.6653
101.456
130.205
131.533
134.455
170.68
150.871
103.978
123.55
92.9604
70.0061
172.571
87.9954
110.132
95.9883
89.2327
100.61
28.6527
98.6773
93.2977
118.069
138.947
92.973
116.665
110.417
163.68
108.522
103.742
140.22
121.454
346.484
93.9246
82.8407
104.557
107.985
204.723
112.729
202.152
150.069
87.3516
147.573
126.001
90.1336
-156.257
285.345
121.558
109.733
134.224
135.689
127.688
108.888
135.964
151.576
75.0564
-397.068
83.5775
121.674
140.943
106.263
114.265
66.1619
216.86
195.88
99.12
111.073
116.954
-85.9114
125.787
194.437
109.433
117.203
115.569
127.529
11.7406
98.3617
139.071
146.685
121.763
95.722
95.7129
142.804
123.008
147.218
920.882
51.9999
102.608
111.586
61.5393
747.383
147.08
117.663
111.776
120.658
-31.9782
141.775
123.236
138.175
126.687
64.9477
53.3835
102.018
131.507
-329.339
116.378
101.339
63.242
97.6629
112.486
173.733
84.2978
143.251
-18.623
113.539
118.144
53.5477
134.493
127.386
108.503
132.03
53.2163
110.227
95.9309
-1838.97
50.5576
120.462
75.1981
141.397
92.7873
73.7984
86.2355
76.1176
83.7055
164.208
82.9132
114.365
184.685
-43.8836
125.055
188.337
-63.4952
115.224
198.695
123.569
135.325
190.867
207.564
127.917
125.76
152.368
170.304
-218.185
7.65628
120.693
-182.236
156.607
203.912
-25.0953
13.2683
132.493
-22.7848
57.7904
148.508
196.715
161.315
97.4307
140.716
125.701
2165.25
128.62
150.501
131.583
123.793
146.985
-5934.76
126.535
153.38
165.681
185.913
147.007
106.936
-1324.1
347.036
142.054
90.6784
104.466
109.475
-624.578
127.426
103.336
108.196
107.874
70.3313
2677.03
109.991
107.164
145.043
157.72
83.7856
118.437
99.3933
104.094
-33.9853
65.8957
127.803
31.6252
133.839
40.7728
99.6327
81.1649
106.852
96.3279
146.05
98.0855
322.051
367.126
-67.0694
82.7121
123.196
85.0902
58.0033
86.1229
94.5909
153.953
5254.74
70.4645
-49.9578
187.988
117.095
-7.74138
77.9892
-162.507
234.744
107.849
90.1597
134.241
99.859
108.911
110.396
104.735
95.2021
143.651
120.498
106.129
-190.896
129.062
103.934
82.3794
137.21
229.985
117.849
119.604
138.136
70.3895
123.944
117.531
106.976
167.831
132.398
16.5412
88.9579
119.606
64.6649
79.6219
71.8819
180.335
-23.2714
77.5682
-29.0966
107.791
106.63
129.833
90.3431
119.957
148.764
86.7192
83.1807
138.852
102.726
153.441
94.3733
122.016
100.416
104.883
150.706
111.919
138.682
67.2587
152.512
113.725
105.161
137.074
139.292
103.639
121.459
82.0306
-131.753
78.0007
94.3575
97.9233
38.6734
102.49
95.3681
-69.6836
99.9594
87.7
116.718
88.6946
57.2762
159.978
72.7485
80.1909
104.792
226.265
15.74
196.003
50.2208
510.731
124.918
58.7707
118.051
91.3114
133.741
96.8748
-45.2025
224.072
-33.2044
45.8527
91.9986
110.931
125.706
89.773
111.51
40.601
214.974
165.045
99.1638
152.399
43.6337
104.604
130.903
118.844
133.692
109.459
88.339
73.5778
103.707
86.3988
100.89
149.827
85.0575
833.982
123.504
119.331
-61.372
-1377.77
125.938
68.3131
-534.884
109.848
128.179
102.845
-189.973
106.792
91.11
40.5912
97.7969
355.958
88.7953
150.663
92.4403
181.642
141.901
-42.3923
59.9237
102.263
260.95
98.5509
125.219
93.1478
132.909
30.7657
-5.94877
103.413
86.7803
69.8829
113.978
113.328
83.0532
103.118
145.128
73.1684
124.402
96.5636
117.059
94.7284
81.8092
85.7313
132.352
607.176
120.433
113.969
6.06977
83.2866
77.0213
69.2733
148.404
104.697
131.977
120.809
126.793
108.451
-1479.85
245.847
148.789
122.793
65.1611
101.841
-50.6109
110.697
40.3187
112.606
109.281
