53.3761
52.3564
102.397
64.9736
28.5766
25.3996
29.4429
232.67
31.304
479.908
-112.375
52.8176
28.9506
24.7779
-25.7133
19.5159
23.9692
-27.2512
197.361
15.382
5.25795
1295.56
38.376
46.3184
51.841
35.3203
25.7989
99.0954
106.569
48.0705
-74.026
-85.2057
61.8056
21.381
30.9641
64.7439
31.7291
31.6452
13.4646
-10.0077
-120.401
1.12467
-199.834
12.2396
33.5691
32.2957
-109.925
46.0833
65.6451
49.9044
39.8836
58.9081
174.216
26.663
252.45
29.6486
66.9335
42.0011
47.7531
41.2936
16.3381
44.8151
31.1768
41.9299
39.903
38.8304
31.6745
32.7356
52.3938
74.0613
39.298
63.0081
165.214
82.1978
109.165
-725.679
45.6975
59.697
26.2806
24.489
13.6327
45.2516
49.3342
18.4243
17.5958
116.728
34.8217
44.3575
40.7281
54.4941
42.7252
37.1415
-381.573
44.8088
38.4467
58.4794
100.54
41.0029
33.7191
27.5612
20.6789
20.1856
25.1127
59.2834
36.3147
-376.88
14.5476
53.3102
61.618
35.8464
88.8752
250.804
59.1634
36.8736
34.5479
25.902
35.1385
68.0727
20.4591
26.3189
37.2963
54.7781
42.723
38.0703
36.8345
53.4137
17.4538
45.6597
35.5112
28.6028
46.3624
7.88335
53.2554
109.387
45.6875
166.046
-159.954
38.9098
27.4439
-70.4833
37.3405
23.8062
46.117
38.6987
52.4713
20.5156
50.6915
32.8447
53.977
50.394
32.6751
35.8257
32.7871
48.7406
44.5191
39.4276
27.6543
50.963
-222.372
92.522
58.1027
43.1831
31.1433
35.8465
24.0907
18.7582
-508.165
-0.515861
277.68
9.22031
68.9651
20.2959
36.3041
27.973
-4.44052
25.2856
30.3257
28.6712
72.8945
38.5331
35.8683
20.6955
15.4305
47.7964
39.3403
38.1315
-9.03435
25.9803
29.1152
37.4756
37.4822
-283.456
29.0886
-19.0241
28.7256
32.4982
39.5292
-11.1662
32.4139
59.9108
86.2532
33.5201
35.8212
42.5245
122.548
24.0199
43.7502
-26.1471
35.8179
36.1006
43.1943
37.8092
21.4484
27.4535
54.7974
35.3547
30.9443
75.9226
20.7846
46.5631
30.6454
56.5177
52.9656
66.2783
14.3732
29.0415
128.988
40.4923
13.9548
7.85874
63.1255
31.9115
30.2694
42.8323
31.5776
-106.289
34.4966
43.0597
29.7485
29.1684
-720.617
32.6109
44.4216
94.1734
50.4632
39.4422
32.846
45.427
33.1987
90.0133
30.8903
22.8991
37.1493
24.9607
29.3061
5.63976
13.8665
22.8634
16.868
36.979
41.869
23.2703
-606.086
39.074
40.9913
38.0507
177.866
16.443
129.46
61.6426
50.0731
-2.26362
34.4924
-6.64653
26.4204
41.358
108.979
28.9547
-41.4321
29.2649
62.431
51.6326
43.8629
26.6855
26.3567
35.1513
73.3399
55.8577
36.0075
47.549
124.714
57.3662
50.1227
54.497
-31.4561
42.3636
15.3685
-2.30545
54.4306
51.8539
58.3694
48.0846
33.0361
31.5557
21.1282
176.335
44.93
-39.862
32.4375
74.1738
298.582
248.585
47.6903
121.472
127.32
88.9734
36.6521
-50.446
52.0017
17.736
45.4893
158.808
12.7629
57.6115
18.9459
18.6076
35.3142
31.1642
41.9565
42.8266
33.9748
18.4469
4.54941
14.8865
29.4356
9.57089
36.4189
10.7032
39.3062
56.8586
26.3111
53.5864
47.5962
-62.8289
28.3461
-34.6435
51.9835
12.1259
50.9381
56.387
-45.1386
182.229
32.0781
44.0326
41.9017
39.5054
50.5735
58.2635
35.6671
34.6261
41.1779
43.4626
19.4153
638.054
52.8779
94.3294
121.832
-214.189
131.596
15.0662
62.604
57.5664
28.0875
69.7708
52.3434
-17.1471
46.9847
362.401
34.8677
54.5197
25.9561
108.436
44.6375
37.0545
52.1899
33.6362
43.9068
49.5748
38.3854
34.3466
56.5801
28.0873
5.88984
36.5312
19.2402
37.4941
29.9331
36.1104
-856.444
62.7437
45.1667
33.0874
-108.297
28.644
45.5981
61.292
63.8051
113.751
56.8137
92.6001
32.5094
45.4473
42.3224
622.929
18.0806
31.2274
39.9826
53.3854
47.3752
71.7459
-240.396
34.783
170.172
46.377
59.2157
19.8206
356.279
35.3407
52.2031
40.8497
54.9494
4.43495
-193.274
42.9935
50.1779
31.3554
24.0846
471.868
41.8582
40.9851
23.3873
50.7697
16.5538
80.1842
32.3168
38.1621
41.4745
47.1237
29.6856
37.9342
34.3352
156.442
28.5484
30.2251
30.197
39.0327
-119.721
60.5184
35.7008
-44.8581
45.3826
38.3448
24.726
-59.6599
37.6358
41.0196
43.8841
165.01
40.0841
32.6181
81.0758
58.6377
56.9845
79.1831
44.9783
39.4365
55.9822
42.8629
20.4871
31.3406
29.9291
30.3179
18.1424
39.4144
9.2854
28.8705
-42.588
138.038
24.4757
15.4777
41.8397
29.7786
41.1311
15.4736
19.3063
30.5855
43.8767
64.7369
17.2813
75.8776
-23.2435
-661.393
28.1875
49.59
-21.6519
27.262
8.4007
5.3178
2.13183
-57.2489
38.6521
43.3137
2.63218
60.2598
25.2885
30.6889
-45.187
46.073
20.1563
16.0361
40.4154
77.3731
881.354
32.9791
-11.622
29.9391
44.2585
28.4231
-65.256
-349.891
9.65024
80.5233
1.33228
-31.9741
23.1263
91.5494
45.9055
59.6412
37.4861
41.8384
36.9674
48.5003
33.0868
48.3973
46.0345
20.453
12.2805
-298.75
42.248
36.2935
-487.378
48.9715
25.3148
-1.90345
43.0766
36.814
47.6291
39.2487
35.6845
16.4316
22.4239
38.309
36.2085
4.52161
35.3937
7.6653
34.0115
52.5548
34.3989
29.0032
21.7975
32.1729
21.5121
-3.1981
54.8077
34.6047
27.9324
89.3685
40.8558
42.3922
25.8984
50.2472
11.4887
35.9089
