30.867
18.6952
36.1473
63.2823
62.2967
42.7696
23.7159
101.454
53.4414
30.4815
22.4703
34.4177
122.153
66.0785
3.73415
-22.0254
45.2414
51.9873
36.041
-238.97
21.5623
40.085
26.0646
-15.5119
29.004
112.486
17.8543
41.5613
-0.8666
38.8928
25.956
72.9533
33.6774
51.5574
39.5729
23.8083
-37.2055
12.9364
78.3288
-217.637
43.3259
33.9175
38.3662
22.6402
-1.11521
52.8105
86.0636
74.5675
0.00512341
71.0998
27.2426
25.0629
28.3676
-67.9353
28.3984
35.1234
19.3822
57.165
28.0251
31.5798
17.4484
78.552
38.8691
38.5111
26.7819
-19.3166
7.52015
90.683
-2.49526
-40.1568
-75.6653
38.7247
717.674
-11.1184
20.0114
20.6802
114.272
35.7554
43.4492
-22.277
15.1714
47.3796
46.858
61.0027
57.2355
50.067
37.8102
42.5338
42.6514
-70.0167
38.122
47.0511
48.4695
67.5471
-11.9737
27.6261
42.691
26.3003
28.9556
49.5275
-172.192
41.307
47.2198
54.6221
123.333
29.4036
24.0046
96.2675
24.3045
33.2981
-74.143
32.7383
25.9179
92.5957
36.7109
20.6368
-18.7775
54.4067
42.8811
42.4017
21.5189
1.31111
31.6299
-632.656
29.5722
33.2052
26.2727
-17.5268
14.0097
-10.2483
37.5049
40.1821
56.8614
-15.5864
40.7324
33.3521
17.8015
120.577
39.3573
49.8019
10.0818
11.564
39.3279
70.8049
31.0934
65.4015
32.8972
49.4837
33.839
29.9341
25.7271
39.5917
44.3211
43.1614
15.4637
41.7858
495.818
-36.4155
35.24
44.827
28.7026
29.0919
44.5097
6.95057
57.7694
31.493
37.9392
63.581
51.2416
32.9602
6.75755
24.1571
-4.27878
39.4371
30.1579
30.1995
36.4841
40.7308
38.3215
29.5025
22.5902
138.114
45.5292
37.2229
37.5069
-7.92864
63.4352
40.8873
35.2992
44.9946
52.698
-119.859
25.756
-22.6344
20.4076
18.921
42.444
42.4525
34.3769
17.0909
30.8582
30.6919
37.5712
35.0399
36.5471
39.4955
24.8193
251.828
40.4883
83.5246
12.5397
30.435
45.4202
67.3026
27.53
48.2467
23.4599
41.3825
33.663
36.5263
-589.432
47.1504
20.3029
69.6093
37.5777
30.8662
179.575
21.65
-4.51135
58.4979
-103.072
-15.4823
747.494
61.8084
22.9092
44.4463
37.7367
55.1883
33.8565
-121.79
21.5225
48.8362
-61.7346
22.4746
28.1552
41.4913
65.5685
32.7954
43.0085
-156.249
37.4705
28.6173
31.0029
25.3126
42.3137
67.3083
17.1929
37.6188
18.7635
51.613
28.0996
35.0334
33.0366
72.4781
17.2624
41.6035
11.7913
32.801
33.4102
-47.3936
28.4931
6.14973
37.1771
21.8725
34.1042
19.9499
35.0253
34.8003
432.298
130.093
31.6618
14.5819
40.0638
42.9594
41.0088
40.5799
42.6477
38.8453
36.946
32.7576
33.9821
5.99244
428.393
17.496
49.1195
32.7967
16.2753
91.2436
32.6807
30.2305
30.582
888.507
35.7818
53.5381
13.6332
39.3553
21.1068
9.92462
32.1829
14.2404
21.5238
27.3153
34.495
49.1336
37.3533
55.4889
41.5622
45.9508
31.5564
43.1561
27.3811
27.1466
39.2698
61.9201
17.3048
-21.6852
-153.268
45.8698
46.591
84.6479
33.9827
93.074
45.6589
274.943
-109.935
44.5491
57.5482
32.0061
13.221
53.3152
46.6755
34.1747
37.2849
26.1551
31.9385
23.634
32.2454
165.897
32.3779
-52.6938
10.5179
35.4241
46.5944
169.93
56.2995
35.4965
38.6181
52.7613
29.0613
13.7874
28.689
47.0323
18.0358
46.2062
43.1838
11.7826
29.0277
57.9856
-324.714
12.3914
12.4633
41.7737
100.388
34.9944
39.3407
28.2736
30.0038
15.6859
16.2732
2.60609
-32.8957
28.0782
-334.319
3.40744
323.355
56.3423
24.2511
13.2855
26.4953
56.0239
11.6989
-7.65192
195.658
29.3475
33.124
51.6969
51.7011
26.9178
84.2949
36.0518
33.2116
33.0297
56.7343
69.0658
41.5398
35.6357
42.7722
50.2492
43.2322
20.9555
35.1149
36.7521
87.4382
33.2195
41.5038
41.7581
41.2496
47.4549
41.7367
44.2578
30.2781
23.1933
37.5503
23.9199
22.3885
-316.901
40.8503
19.7509
138.85
73.5258
56.3655
42.2154
67.2081
182.148
33.6123
26.6013
27.6769
24.6312
10.9693
17.936
27.2276
7.13887
25.5978
5.63661
24.2359
72.2656
-124.491
17.378
29.4994
18.7078
7.30839
38.6599
31.0156
-73.0363
34.5701
3843.45
41.5271
25.8832
65.2276
-6.65645
39.283
81.6309
53.7465
53.8131
20.139
40.6043
28.6059
28.3732
33.7246
69.569
-225.921
56.383
61.9818
38.7293
-3.06551
18.1606
36.4366
29.9778
37.2685
34.139
30.0198
28.0255
66.1942
44.749
12.1592
22.9772
23.9419
15.3815
30.3052
19.9803
43.4022
36.6209
23.9074
15.6143
17.7758
84.0891
15.0627
16.8027
9.58968
1596.35
22.7013
42.6095
41.6283
17.4634
35.5824
26.4295
171.332
27.0924
28.688
8.32512
30.1902
15.0345
35.7469
25.483
26.9519
22.3223
23.2725
35.8759
23.1982
35.6663
91.5414
28.1791
30.9984
16.8791
41.5825
296.979
37.9189
24.8776
28.3008
113.258
32.1601
24.328
21.8413
31.0195
23.6441
28.9278
35.4144
6.74354
71.3297
245.674
24.4933
1.10412
26.2162
25.0833
10.1503
24.8916
-5.5376
76.5904
32.3625
69.3876
55.7619
11.4094
-24.2744
