37.4085
35.8602
34.6642
26.1794
79.5861
28.7692
-23.7138
29.2734
58.879
34.6258
40.2847
30.918
58.2844
50.721
38.5904
258.263
26.9339
-43.7533
42.1844
38.6934
13.1837
30.9593
21.4277
12.8456
37.4005
41.1236
28.3232
40.1255
37.2014
28.2485
-88.0958
82.9484
85.5345
14.4153
44.7583
34.0468
-32.3991
26.0379
-33.6752
57.7735
96.3954
51.7846
40.5417
151.242
647.958
-21.2718
-9.99058
77.5941
164.356
46.8742
55.0776
25.4502
60.166
35.1635
30.1561
26.8406
29.8384
37.0565
40.7457
-98.9884
-248.572
45.4622
37.2692
38.8133
34.1185
18.3548
52.5456
-4.92778
-14.6027
65.9433
45.3374
-72.0607
1.58427
-560.645
50.8194
35.0432
83.9489
51.4857
38.3474
46.249
50.7535
31.4368
-41.9602
35.5301
24.0777
-1.65778
43.8013
28.5146
33.1202
-251.007
45.5283
40.3135
45.961
150.324
34.3038
45.0888
60.5597
-4.21714
31.3598
40.8144
24.9198
32.2753
72.5877
40.0581
56.7478
55.557
35.334
-21.9777
34.0158
45.9161
40.864
12.1151
31.1283
31.0777
55.4983
29.6866
43.9745
-0.814731
23.1723
88.1332
15.4473
136.231
42.5842
43.326
-21.6122
75.8097
28.7588
30.9913
48.4709
44.4891
29.0858
42.901
6.84936
14.8387
95.1255
23.0248
-42.6501
-87.8293
32.6583
-17.0169
-489.138
55.2238
10.9182
38.422
-74.0252
38.076
29.5349
40.4032
31.6649
32.7706
45.7498
25.4074
27.1068
28.072
49.9229
30.6757
-36.7818
52.6308
31.1571
36.8518
53.6464
40.4627
-13.1374
20.7551
-217.278
24.6359
31.0602
35.2529
31.4552
-48.3109
6.84122
58.4171
26.7818
-3.87703
52.1929
52.227
23.3079
18.4298
34.8931
-167.555
34.4533
35.8757
42.4576
70.07
86.8537
40.9545
39.8933
8.58567
54.5216
30.0642
23.2549
40.9629
31.9983
64.4367
65.633
-232.813
16.8384
26.7761
24.219
36.1017
30.1839
108.812
197.872
23.4026
-17.0614
17.1494
39.4233
36.171
56.1681
24.8469
70.5897
-25.7919
46.9862
36.6478
-226.159
30.8045
17.7998
45.4414
35.154
28.2792
-41.0689
36.6214
0.288464
16.6323
88.713
43.6962
34.7943
16.3271
88.5088
38.4543
15.4219
45.1182
73.3624
-20.5946
73.2044
26.5178
228.405
7.71909
55.9733
46.8563
28.6706
39.9658
7.7955
-71.2101
253.479
12.688
78.1029
41.5052
32.6964
88.9001
30.4242
29.2416
51.9376
30.1801
30.5373
19.7649
29.6602
71.7987
30.6589
4.51963
26.6255
34.2663
47.213
48.5249
-26.2445
70.3175
33.5893
24.6387
-56.3094
9.77881
26.8557
50.0702
58.6668
60.8958
60.8198
-8.3256
40.2577
30.6294
1581.51
69.7186
70.3684
47.4705
34.5081
99.8684
-42.4065
839.115
52.0352
-38.9104
-16.9299
42.4072
133.933
-1682.6
36.2117
87.8917
37.3285
40.1491
22.7491
70.6579
253.161
-10.2525
52.8754
45.5683
48.84
33.3066
68.2688
50.5338
49.0884
14.4765
59.5815
-37.0916
13.8018
123.866
33.3652
34.6716
228.949
107.565
35.7755
8.94209
50.7268
29.2708
-43.3997
34.6945
13.344
47.4353
27.8019
27.5547
46.1691
1.17585
46.5685
-6.47703
22.1597
28.591
-32.0459
3.21399
34.0673
16.0669
12.8969
27.2067
22.3452
113.872
48.3308
11.3788
39.126
20.7527
-0.739102
56.9706
38.6377
60.8687
176.161
157.067
33.8926
49.6943
39.9436
44.3339
-0.148858
38.9002
13.875
56.9915
55.4954
42.15
29.938
103.691
53.0478
45.0095
43.9789
82.4181
-111.414
28.3748
28.2901
13.3466
35.6559
75.0385
-129.107
239.407
-7432.84
39.8718
-56.5979
946.881
-0.13168
55.0003
63.7593
24.0633
2.54508
62.0937
90.893
107.497
116.34
44.6003
44.8202
45.2478
23.8275
86.0685
57.9611
24.2018
228.652
54.1497
36.1085
44.0527
50.5212
36.0596
148.879
161.305
40.4976
-85.077
-16.8183
17.5405
-13.3052
3.11416
34.859
33.2107
49.5082
32.7635
20.4859
52.2324
35.0232
-9.99953
29.3118
80.0717
79.1582
23.2955
55.9717
28.4076
66.4798
5.77865
26.6152
41.7774
45.2438
46.8973
41.5724
46.6402
62.184
53.3521
107.324
35.2096
4.91979
40.9385
15.7662
51.1648
30.8031
73.1444
43.9362
50.6007
49.4465
63.8258
23.78
41.0453
31.8456
39.2024
11.7939
11.7291
42.0765
23.119
43.1996
53.4379
33.2281
97.5581
36.5511
30.6938
53.2168
51.457
46.0909
38.7931
29.6389
40.5199
80.738
61.3437
51.6657
39.0219
32.2752
51.8306
1402.97
39.0915
9.37927
148.191
88.2933
51.3517
9.90572
34.8328
34.4109
42.7529
54.4961
-50.5297
34.58
18.65
33.6824
144.494
27.9118
40.7307
-18.7962
70.489
38.1989
40.1958
21.091
30.2639
75.1242
21.4012
28.7278
18.8859
31.5427
2001.83
57.2872
36.0522
10.5854
96.2239
35.5237
39.0145
25.7779
34.9108
70.6065
22.6635
82.1873
-15.8378
75.8014
31.5862
21.0849
28.7292
31.2175
481.197
16.3291
31.8775
17.5759
-14.3879
9.3204
-8.97848
22.2576
49.5072
38.0613
34.2599
29.7625
32.6349
29.2646
372.633
66.27
49.2962
83.0424
31.7906
38.7827
31.1882
6.17138
-17.2939
11.1806
63.3696
34.6965
42.4448
14.2461
40.6846
16.3909
8.99235
-8.28591
31.6812
33.8473
42.61
-6.77544
29.8494
38.366
0.289695
262.794
51.6622
38.5814
12.6929
37.1928
35.8047
26.6106
31.886
-53.4552
34.8985
52.7055
27.868
17.9908
32.5716
-187.391
39.3627
55.6683
456.441
31.7068
21.0766
32.1991
28.583
37.6943
-2.42166
16.924
-15.3133
54.1279
41.3285
